201166
203932
203940
201143
2744
202329
202692
203458
201582
203459
202087
2405
101161
2760
203083
2738
1889
203460
200745
101106
203094
203952
203076
201627
201229
203462
203382
201167
203085
202340
203463
2757
202687
201933
202711
2564
203078
101138
201943
202688
201575
203148
201572
203468
101139
201228
201171
2546
202718
101112
101111
201978
2547
203187
101108
203991
203469
202332
201147
202709
201584
201571
203081
204014
201568
201980
201967
201589
201954
101135
2561
201599
201971
201942
202326
201960
203471
101114
202324
201565
202682
2734
203473
203079
1717
202388
202700
203926
203110
2400
2730
203939
2548
202734
202334
203901
1882
202683
202339
201569
101141
203095
202323
203105
202066
203914
202390
201588
101123
201945
203507
203922
201609
202330
203476
202328
202349
203084
202355
203138
203546
101133
202697
203477
202738
202397
2747
201581
200755
203960
203210
201580
203953
203109
2037
2749
202341
201935
201949
2592
203949
203099
201162
203096
204067
101127
201160
1891
201574
201145
201952
203481
203924
203087
202391
201573
202710
201149
204060
2207
203530
203089
202322
203948
202720
201973
202685
203613
203903
201941
101181
200826
201177
2746
201950
203944
203200
203994
202695
203482
202689
203088
202702
203145
203484
201142
708
201567
2755
202338
203114
2550
202691
977
201585
203123
2743
204001
203937
2594
200768
203124
202713
202681
200746
203934
202362
202498
204038
202730
2544
2571
200811
101150
201601
2449
202337
2736
1938
201188
101162
201158
202694
203935
201977
201596
203900
202693
201578
101107
203486
2440
2588
203521
203090
1897
203086
201563
203487
203077
201144
2399
2034
203488
203118
203101
203141
2590
101145
202357
2403
203457
2555
201156
201587
203917
203999
202703
201593
202696
203943
202708
201564
201600
201956
203490
203798
200782
203143
201976
202335
201988
2200
202331
200794
1718
203515
203112
200765
201196
200751
2446
203526
203492
101109
203493
202704
2210
201937
203496
201577
203918
201155
101179
201579
200752
203497
201566
201583
200797
203527
2756
203930
201586
203508
203552
203498
203894
203499
2733
202714
203524
201603
201150
201939
2581
203500
204456
203933
201959
204028
2419
203093
203082
200757
201152
203080
201168
1495
204025
203501
202389
202699
201962
2754
2225
203503
203100
2772
202344
203504
202684
203584
201951
203898
201946
204020
203092
201936
2199
203506
1713
201961
202325
202083
203115
203186
203897
2216
2585
